# Row, Column, Value
0,0,0
0,1,0
0,2,0
0,3,0
0,4,0
0,5,0
0,6,0
0,7,0
0,8,0
0,9,0
0,10,0
0,11,0
0,12,0
0,13,0
0,14,0
0,15,0
0,16,0
0,17,0
0,18,0
0,19,0
0,20,0
0,21,0
0,22,0
0,23,0
0,24,0
0,25,0
0,26,0
0,27,0
0,28,0
0,29,0
0,30,0
0,31,0
0,32,0
1,0,0
1,1,0
1,2,0
1,3,2
1,4,1
1,5,6
1,6,1
1,7,0
1,8,0
1,9,0
1,10,0
1,11,8
1,12,0
1,13,1
1,14,3
1,15,1
1,16,7
1,17,1
1,18,0
1,19,1
1,20,2
1,21,1
1,22,9
1,23,1
1,24,18
1,25,4
1,26,0
1,27,1
1,28,13
1,29,0
1,30,0
1,31,3
1,32,0
2,0,0
2,1,0
2,2,0
2,3,3
2,4,0
2,5,0
2,6,1
2,7,0
2,8,1
2,9,0
2,10,0
2,11,0
2,12,0
2,13,0
2,14,0
2,15,2
2,16,0
2,17,0
2,18,0
2,19,3
2,20,0
2,21,0
2,22,0
2,23,0
2,24,5
2,25,0
2,26,1
2,27,4
2,28,0
2,29,1
2,30,0
2,31,0
2,32,1
3,0,0
3,1,2
3,2,3
3,3,0
3,4,0
3,5,0
3,6,2
3,7,0
3,8,0
3,9,0
3,10,1
3,11,15
3,12,0
3,13,0
3,14,1
3,15,0
3,16,6
3,17,16
3,18,13
3,19,1
3,20,0
3,21,6
3,22,13
3,23,3
3,24,2
3,25,3
3,26,0
3,27,0
3,28,1
3,29,1
3,30,3
3,31,0
3,32,0
4,0,0
4,1,2
4,2,0
4,3,0
4,4,0
4,5,0
4,6,4
4,7,0
4,8,9
4,9,0
4,10,4
4,11,0
4,12,0
4,13,2
4,14,0
4,15,0
4,16,0
4,17,0
4,18,5
4,19,0
4,20,0
4,21,1
4,22,0
4,23,0
4,24,0
4,25,0
4,26,0
4,27,0
4,28,0
4,29,4
4,30,0
4,31,0
4,32,0
5,0,0
5,1,8
5,2,0
5,3,8
5,4,10
5,5,0
5,6,6
5,7,3
5,8,16
5,9,1
5,10,2
5,11,18
5,12,9
5,13,5
5,14,7
5,15,6
5,16,12
5,17,10
5,18,2
5,19,1
5,20,13
5,21,2
5,22,15
5,23,0
5,24,0
5,25,0
5,26,0
5,27,1
5,28,1
5,29,1
5,30,2
5,31,1
5,32,0
6,0,0
6,1,0
6,2,1
6,3,0
6,4,3
6,5,0
6,6,0
6,7,5
6,8,0
6,9,0
6,10,0
6,11,0
6,12,0
6,13,2
6,14,1
6,15,1
6,16,1
6,17,2
6,18,0
6,19,0
6,20,2
6,21,0
6,22,0
6,23,0
6,24,0
6,25,0
6,26,1
6,27,0
6,28,1
6,29,1
6,30,5
6,31,0
6,32,5
7,0,0
7,1,0
7,2,2
7,3,0
7,4,8
7,5,5
7,6,5
7,7,0
7,8,4
7,9,0
7,10,15
7,11,6
7,12,1
7,13,0
7,14,1
7,15,0
7,16,1
7,17,8
7,18,4
7,19,7
7,20,0
7,21,0
7,22,1
7,23,0
7,24,12
7,25,1
7,26,1
7,27,0
7,28,1
7,29,4
7,30,0
7,31,0
7,32,0
8,0,0
8,1,0
8,2,2
8,3,0
8,4,8
8,5,0
8,6,0
8,7,0
8,8,0
8,9,0
8,10,0
8,11,0
8,12,0
8,13,1
8,14,3
8,15,3
8,16,1
8,17,2
8,18,0
8,19,0
8,20,1
8,21,7
8,22,1
8,23,12
8,24,0
8,25,0
8,26,5
8,27,0
8,28,7
8,29,0
8,30,0
8,31,1
8,32,2
9,0,0
9,1,0
9,2,0
9,3,1
9,4,0
9,5,0
9,6,5
9,7,0
9,8,0
9,9,0
9,10,4
9,11,0
9,12,12
9,13,2
9,14,2
9,15,1
9,16,0
9,17,4
9,18,0
9,19,3
9,20,0
9,21,0
9,22,0
9,23,0
9,24,1
9,25,19
9,26,4
9,27,1
9,28,0
9,29,1
9,30,0
9,31,2
9,32,1
10,0,0
10,1,0
10,2,0
10,3,14
10,4,2
10,5,0
10,6,0
10,7,0
10,8,0
10,9,0
10,10,0
10,11,0
10,12,0
10,13,3
10,14,3
10,15,12
10,16,0
10,17,0
10,18,0
10,19,0
10,20,1
10,21,6
10,22,0
10,23,17
10,24,8
10,25,0
10,26,0
10,27,10
10,28,0
10,29,0
10,30,0
10,31,2
10,32,2
11,0,0
11,1,16
11,2,2
11,3,2
11,4,0
11,5,0
11,6,0
11,7,16
11,8,4
11,9,0
11,10,1
11,11,0
11,12,8
11,13,0
11,14,1
11,15,6
11,16,0
11,17,2
11,18,2
11,19,3
11,20,4
11,21,3
11,22,0
11,23,1
11,24,5
11,25,1
11,26,4
11,27,2
11,28,2
11,29,4
11,30,3
11,31,7
11,32,3
12,0,0
12,1,10
12,2,4
12,3,0
12,4,0
12,5,0
12,6,4
12,7,1
12,8,0
12,9,0
12,10,0
12,11,2
12,12,0
12,13,0
12,14,2
12,15,0
12,16,9
12,17,14
12,18,0
12,19,1
12,20,0
12,21,0
12,22,1
12,23,0
12,24,0
12,25,3
12,26,2
12,27,0
12,28,1
12,29,5
12,30,0
12,31,0
12,32,1
13,0,0
13,1,0
13,2,5
13,3,0
13,4,1
13,5,1
13,6,0
13,7,0
13,8,1
13,9,0
13,10,0
13,11,0
13,12,6
13,13,0
13,14,0
13,15,1
13,16,0
13,17,0
13,18,15
13,19,0
13,20,0
13,21,0
13,22,2
13,23,7
13,24,0
13,25,5
13,26,0
13,27,0
13,28,2
13,29,0
13,30,0
13,31,0
13,32,1
14,0,0
14,1,8
14,2,1
14,3,16
14,4,7
14,5,7
14,6,3
14,7,2
14,8,5
14,9,0
14,10,15
14,11,0
14,12,0
14,13,13
14,14,0
14,15,18
14,16,8
14,17,0
14,18,12
14,19,5
14,20,0
14,21,0
14,22,0
14,23,9
14,24,0
14,25,1
14,26,0
14,27,2
14,28,7
14,29,0
14,30,0
14,31,0
14,32,3
15,0,0
15,1,5
15,2,6
15,3,15
15,4,3
15,5,0
15,6,8
15,7,0
15,8,2
15,9,0
15,10,1
15,11,0
15,12,12
15,13,0
15,14,2
15,15,0
15,16,0
15,17,3
15,18,0
15,19,0
15,20,0
15,21,2
15,22,0
15,23,6
15,24,0
15,25,0
15,26,0
15,27,3
15,28,0
15,29,0
15,30,0
15,31,3
15,32,0
16,0,0
16,1,2
16,2,16
16,3,0
16,4,0
16,5,0
16,6,1
16,7,2
16,8,0
16,9,0
16,10,0
16,11,19
16,12,13
16,13,4
16,14,10
16,15,6
16,16,0
16,17,6
16,18,3
16,19,0
16,20,7
16,21,2
16,22,1
16,23,0
16,24,1
16,25,0
16,26,0
16,27,2
16,28,0
16,29,2
16,30,3
16,31,0
16,32,3
17,0,0
17,1,19
17,2,0
17,3,1
17,4,0
17,5,3
17,6,10
17,7,0
17,8,2
17,9,6
17,10,0
17,11,0
17,12,8
17,13,4
17,14,0
17,15,10
17,16,1
17,17,0
17,18,3
17,19,2
17,20,1
17,21,0
17,22,0
17,23,0
17,24,15
17,25,0
17,26,19
17,27,8
17,28,0
17,29,0
17,30,10
17,31,5
17,32,1
18,0,0
18,1,0
18,2,2
18,3,11
18,4,2
18,5,0
18,6,0
18,7,0
18,8,0
18,9,0
18,10,0
18,11,1
18,12,0
18,13,0
18,14,3
18,15,5
18,16,15
18,17,15
18,18,0
18,19,0
18,20,0
18,21,2
18,22,0
18,23,3
18,24,1
18,25,1
18,26,18
18,27,1
18,28,9
18,29,1
18,30,0
18,31,1
18,32,5
19,0,0
19,1,3
19,2,0
19,3,0
19,4,1
19,5,5
19,6,0
19,7,7
19,8,0
19,9,1
19,10,17
19,11,1
19,12,1
19,13,0
19,14,0
19,15,0
19,16,0
19,17,8
19,18,6
19,19,0
19,20,1
19,21,0
19,22,1
19,23,0
19,24,0
19,25,0
19,26,0
19,27,1
19,28,1
19,29,2
19,30,0
19,31,1
19,32,4
20,0,0
20,1,1
20,2,0
20,3,0
20,4,1
20,5,7
20,6,1
20,7,0
20,8,0
20,9,1
20,10,2
20,11,4
20,12,4
20,13,0
20,14,0
20,15,1
20,16,1
20,17,2
20,18,12
20,19,1
20,20,0
20,21,0
20,22,3
20,23,14
20,24,0
20,25,3
20,26,0
20,27,0
20,28,2
20,29,3
20,30,0
20,31,16
20,32,0
21,0,0
21,1,0
21,2,0
21,3,10
21,4,10
21,5,0
21,6,9
21,7,6
21,8,1
21,9,0
21,10,2
21,11,3
21,12,0
21,13,0
21,14,0
21,15,9
21,16,2
21,17,1
21,18,15
21,19,0
21,20,0
21,21,0
21,22,3
21,23,3
21,24,0
21,25,3
21,26,1
21,27,4
21,28,1
21,29,4
21,30,1
21,31,0
21,32,4
22,0,0
22,1,4
22,2,0
22,3,5
22,4,0
22,5,0
22,6,1
22,7,3
22,8,2
22,9,0
22,10,6
22,11,0
22,12,0
22,13,0
22,14,0
22,15,4
22,16,0
22,17,15
22,18,4
22,19,8
22,20,1
22,21,1
22,22,0
22,23,3
22,24,0
22,25,19
22,26,11
22,27,0
22,28,9
22,29,1
22,30,3
22,31,0
22,32,0
23,0,0
23,1,1
23,2,0
23,3,8
23,4,0
23,5,0
23,6,0
23,7,6
23,8,0
23,9,0
23,10,0
23,11,1
23,12,3
23,13,8
23,14,0
23,15,0
23,16,0
23,17,8
23,18,11
23,19,1
23,20,0
23,21,11
23,22,13
23,23,0
23,24,1
23,25,0
23,26,10
23,27,0
23,28,3
23,29,3
23,30,3
23,31,6
23,32,0
24,0,0
24,1,0
24,2,2
24,3,0
24,4,0
24,5,13
24,6,19
24,7,16
24,8,0
24,9,0
24,10,1
24,11,1
24,12,16
24,13,0
24,14,0
24,15,9
24,16,1
24,17,0
24,18,1
24,19,0
24,20,5
24,21,0
24,22,2
24,23,2
24,24,0
24,25,0
24,26,0
24,27,2
24,28,0
24,29,3
24,30,1
24,31,3
24,32,0
25,0,0
25,1,5
25,2,6
25,3,3
25,4,0
25,5,0
25,6,0
25,7,4
25,8,0
25,9,14
25,10,0
25,11,1
25,12,3
25,13,1
25,14,1
25,15,0
25,16,0
25,17,0
25,18,0
25,19,0
25,20,0
25,21,0
25,22,8
25,23,0
25,24,0
25,25,0
25,26,0
25,27,0
25,28,9
25,29,5
25,30,5
25,31,4
25,32,9
26,0,0
26,1,0
26,2,0
26,3,0
26,4,1
26,5,1
26,6,5
26,7,2
26,8,2
26,9,0
26,10,0
26,11,7
26,12,0
26,13,9
26,14,0
26,15,0
26,16,19
26,17,0
26,18,1
26,19,5
26,20,0
26,21,4
26,22,5
26,23,5
26,24,0
26,25,0
26,26,0
26,27,1
26,28,0
26,29,5
26,30,0
26,31,1
26,32,1
27,0,0
27,1,4
27,2,1
27,3,0
27,4,2
27,5,1
27,6,0
27,7,0
27,8,0
27,9,2
27,10,0
27,11,3
27,12,0
27,13,0
27,14,2
27,15,0
27,16,3
27,17,1
27,18,1
27,19,0
27,20,0
27,21,7
27,22,0
27,23,0
27,24,3
27,25,0
27,26,0
27,27,0
27,28,4
27,29,16
27,30,5
27,31,0
27,32,0
28,0,0
28,1,13
28,2,0
28,3,2
28,4,0
28,5,1
28,6,3
28,7,7
28,8,6
28,9,1
28,10,0
28,11,4
28,12,7
28,13,1
28,14,1
28,15,0
28,16,5
28,17,0
28,18,0
28,19,0
28,20,5
28,21,0
28,22,0
28,23,5
28,24,13
28,25,0
28,26,0
28,27,10
28,28,0
28,29,4
28,30,0
28,31,1
28,32,0
29,0,0
29,1,0
29,2,1
29,3,4
29,4,0
29,5,3
29,6,1
29,7,5
29,8,2
29,9,1
29,10,0
29,11,0
29,12,5
29,13,0
29,14,1
29,15,1
29,16,2
29,17,0
29,18,8
29,19,6
29,20,11
29,21,4
29,22,0
29,23,3
29,24,3
29,25,0
29,26,9
29,27,17
29,28,4
29,29,0
29,30,1
29,31,6
29,32,6
30,0,0
30,1,0
30,2,2
30,3,4
30,4,5
30,5,1
30,6,1
30,7,1
30,8,0
30,9,0
30,10,0
30,11,3
30,12,0
30,13,2
30,14,0
30,15,0
30,16,1
30,17,1
30,18,0
30,19,0
30,20,0
30,21,1
30,22,1
30,23,5
30,24,0
30,25,0
30,26,0
30,27,6
30,28,0
30,29,0
30,30,0
30,31,0
30,32,8
31,0,0
31,1,2
31,2,0
31,3,0
31,4,2
31,5,17
31,6,4
31,7,0
31,8,10
31,9,1
31,10,1
31,11,13
31,12,0
31,13,0
31,14,8
31,15,0
31,16,18
31,17,19
31,18,5
31,19,3
31,20,8
31,21,4
31,22,18
31,23,15
31,24,16
31,25,12
31,26,7
31,27,14
31,28,5
31,29,18
31,30,15
31,31,0
31,32,12
32,0,0
32,1,17
32,2,18
32,3,18
32,4,15
32,5,11
32,6,3
32,7,6
32,8,9
32,9,6
32,10,7
32,11,14
32,12,12
32,13,9
32,14,0
32,15,0
32,16,0
32,17,0
32,18,0
32,19,1
32,20,0
32,21,1
32,22,0
32,23,0
32,24,1
32,25,2
32,26,1
32,27,0
32,28,1
32,29,1
32,30,0
32,31,0
32,32,0
