Tms final 24:
Amount tms 24:  24
Mean load tms 24:
 [1279.7587530779942, 1445.3717222946136, 1599.6984413474925, 1732.2217993701393, 1833.910548518514, 1897.8347685867589, 1919.6381296169911, 1897.8347685867589, 1833.910548518514, 1732.2217993701393, 1599.698441347493, 1445.3717222946138, 1279.7587530779942, 1362.5652376863038, 1439.7285972127434, 1505.9902762240667, 1556.834650798254, 1588.7967608323765, 1599.6984413474925, 1588.7967608323765, 1556.834650798254, 1505.9902762240667, 1439.7285972127434, 1362.565237686304]
Total load tms 24:
 [1310472.963151866, 1480060.6436296843, 1638091.2039398323, 1773795.1225550226, 1877924.4016829582, 1943382.803032841, 1965709.444727799, 1943382.803032841, 1877924.4016829582, 1773795.1225550226, 1638091.2039398327, 1480060.6436296846, 1310472.963151866, 1395266.803390775, 1474282.0835458492, 1542134.0428534443, 1594198.682417412, 1626927.8830923536, 1638091.2039398323, 1626927.8830923536, 1594198.682417412, 1542134.0428534443, 1474282.0835458492, 1395266.8033907753]


Tms final 14:
Amount tms 14:  14
Mean load tms 14:
 [1556.834650798254, 1505.9902762240667, 1362.565237686304, 1445.3717222946136, 1732.2217993701393, 1897.8347685867589, 1919.6381296169911, 1897.8347685867589, 1833.910548518514, 1599.698441347493, 1279.7587530779942, 1439.7285972127434, 1556.834650798254, 1599.6984413474925] 14
Total load tms 14:
 [1594198.682417412, 1542134.0428534443, 1395266.8033907753, 1480060.6436296843, 1773795.1225550226, 1943382.803032841, 1965709.444727799, 1943382.803032841, 1877924.4016829582, 1638091.2039398327, 1310472.963151866, 1474282.0835458492, 1594198.682417412, 1638091.2039398323] 14
